(kicad_pcb (version 20171130) (host pcbnew "(5.1.10)-1")

  (general
    (thickness 1.6)
    (drawings 39)
    (tracks 364)
    (zones 0)
    (modules 21)
    (nets 39)
  )

  (page A4)
  (layers
    (0 F.Cu signal)
    (31 B.Cu signal)
    (33 F.Adhes user)
    (35 F.Paste user)
    (37 F.SilkS user)
    (38 B.Mask user)
    (39 F.Mask user)
    (40 Dwgs.User user)
    (41 Cmts.User user)
    (42 Eco1.User user)
    (43 Eco2.User user)
    (44 Edge.Cuts user)
    (45 Margin user)
    (46 B.CrtYd user)
    (47 F.CrtYd user)
    (49 F.Fab user)
  )

  (setup
    (last_trace_width 0.2286)
    (user_trace_width 0.2286)
    (user_trace_width 0.3048)
    (user_trace_width 0.381)
    (user_trace_width 0.508)
    (user_trace_width 0.762)
    (user_trace_width 1.27)
    (trace_clearance 0.1778)
    (zone_clearance 1.524)
    (zone_45_only yes)
    (trace_min 0.2286)
    (via_size 1.2)
    (via_drill 0.5)
    (via_min_size 1.2)
    (via_min_drill 0.5)
    (uvia_size 0.3)
    (uvia_drill 0.1)
    (uvias_allowed no)
    (uvia_min_size 0.2)
    (uvia_min_drill 0.1)
    (edge_width 0.05)
    (segment_width 0.2)
    (pcb_text_width 0.3)
    (pcb_text_size 1.5 1.5)
    (mod_edge_width 0.12)
    (mod_text_size 1 1)
    (mod_text_width 0.15)
    (pad_size 1.5 0.4)
    (pad_drill 0)
    (pad_to_mask_clearance 0.051)
    (solder_mask_min_width 0.25)
    (aux_axis_origin 0 0)
    (visible_elements 7FFDFFFF)
    (pcbplotparams
      (layerselection 0x010e0_ffffffff)
      (usegerberextensions false)
      (usegerberattributes false)
      (usegerberadvancedattributes false)
      (creategerberjobfile false)
      (excludeedgelayer true)
      (linewidth 0.100000)
      (plotframeref false)
      (viasonmask false)
      (mode 1)
      (useauxorigin false)
      (hpglpennumber 1)
      (hpglpenspeed 20)
      (hpglpendiameter 15.000000)
      (psnegative false)
      (psa4output false)
      (plotreference true)
      (plotvalue false)
      (plotinvisibletext false)
      (padsonsilk false)
      (subtractmaskfromsilk false)
      (outputformat 1)
      (mirror false)
      (drillshape 0)
      (scaleselection 1)
      (outputdirectory "GERBER/"))
  )

  (net 0 "")
  (net 1 GND)
  (net 2 VDD)
  (net 3 REGC)
  (net 4 reset)
  (net 5 SCL)
  (net 6 SDA)
  (net 7 tool0)
  (net 8 TX_DBG)
  (net 9 RX_DBG)
  (net 10 GPIO_08)
  (net 11 GPIO_09)
  (net 12 GPIO_10)
  (net 13 GPIO_02)
  (net 14 GPIO_11)
  (net 15 GPIO_12)
  (net 16 GPIO_13)
  (net 17 GPIO_14)
  (net 18 GPIO_15)
  (net 19 GPIO_03)
  (net 20 GPIO_16)
  (net 21 GPIO_04)
  (net 22 GPIO_17)
  (net 23 GPIO_05)
  (net 24 GPIO_06)
  (net 25 GPIO_07)
  (net 26 GPIO_18)
  (net 27 GPIO_19)
  (net 28 GPIO_20)
  (net 29 GPIO_21)
  (net 30 ADC)
  (net 31 GPIO_01)
  (net 32 GPIO_26)
  (net 33 GPIO_25)
  (net 34 GPIO_24)
  (net 35 GPIO_23)
  (net 36 GPIO_22)
  (net 37 uc-TX)
  (net 38 uc-RX)

  (net_class Default "This is the default net class."
    (clearance 0.1778)
    (trace_width 0.2286)
    (via_dia 1.2)
    (via_drill 0.5)
    (uvia_dia 0.3)
    (uvia_drill 0.1)
    (diff_pair_width 0.381)
    (diff_pair_gap 0.25)
    (add_net ADC)
    (add_net GND)
    (add_net GPIO_01)
    (add_net GPIO_02)
    (add_net GPIO_03)
    (add_net GPIO_04)
    (add_net GPIO_05)
    (add_net GPIO_06)
    (add_net GPIO_07)
    (add_net GPIO_08)
    (add_net GPIO_09)
    (add_net GPIO_10)
    (add_net GPIO_11)
    (add_net GPIO_12)
    (add_net GPIO_13)
    (add_net GPIO_14)
    (add_net GPIO_15)
    (add_net GPIO_16)
    (add_net GPIO_17)
    (add_net GPIO_18)
    (add_net GPIO_19)
    (add_net GPIO_20)
    (add_net GPIO_21)
    (add_net GPIO_22)
    (add_net GPIO_23)
    (add_net GPIO_24)
    (add_net GPIO_25)
    (add_net GPIO_26)
    (add_net REGC)
    (add_net RX_DBG)
    (add_net SCL)
    (add_net SDA)
    (add_net TX_DBG)
    (add_net VDD)
    (add_net reset)
    (add_net tool0)
    (add_net uc-RX)
    (add_net uc-TX)
  )

  (module Connector_PinHeader_2.54mm:PinHeader_1x20_P2.54mm_Vertical (layer F.Cu) (tedit 59FED5CC) (tstamp 606CC819)
    (at 170.18 66.548 270)
    (descr "Through hole straight pin header, 1x20, 2.54mm pitch, single row")
    (tags "Through hole pin header THT 1x20 2.54mm single row")
    (path /6071B227)
    (fp_text reference J2 (at 3.048 5.08 180) (layer F.SilkS)
      (effects (font (size 1 1) (thickness 0.15)))
    )
    (fp_text value Conn_01x20 (at 0 50.59 90) (layer F.Fab)
      (effects (font (size 1 1) (thickness 0.15)))
    )
    (fp_line (start -0.635 -1.27) (end 1.27 -1.27) (layer F.Fab) (width 0.1))
    (fp_line (start 1.27 -1.27) (end 1.27 49.53) (layer F.Fab) (width 0.1))
    (fp_line (start 1.27 49.53) (end -1.27 49.53) (layer F.Fab) (width 0.1))
    (fp_line (start -1.27 49.53) (end -1.27 -0.635) (layer F.Fab) (width 0.1))
    (fp_line (start -1.27 -0.635) (end -0.635 -1.27) (layer F.Fab) (width 0.1))
    (fp_line (start -1.33 49.59) (end 1.33 49.59) (layer F.SilkS) (width 0.12))
    (fp_line (start -1.33 1.27) (end -1.33 49.59) (layer F.SilkS) (width 0.12))
    (fp_line (start 1.33 1.27) (end 1.33 49.59) (layer F.SilkS) (width 0.12))
    (fp_line (start -1.33 1.27) (end 1.33 1.27) (layer F.SilkS) (width 0.12))
    (fp_line (start -1.33 0) (end -1.33 -1.33) (layer F.SilkS) (width 0.12))
    (fp_line (start -1.33 -1.33) (end 0 -1.33) (layer F.SilkS) (width 0.12))
    (fp_line (start -1.8 -1.8) (end -1.8 50.05) (layer F.CrtYd) (width 0.05))
    (fp_line (start -1.8 50.05) (end 1.8 50.05) (layer F.CrtYd) (width 0.05))
    (fp_line (start 1.8 50.05) (end 1.8 -1.8) (layer F.CrtYd) (width 0.05))
    (fp_line (start 1.8 -1.8) (end -1.8 -1.8) (layer F.CrtYd) (width 0.05))
    (fp_text user %R (at 0 24.13) (layer F.Fab)
      (effects (font (size 1 1) (thickness 0.15)))
    )
    (pad 1 thru_hole rect (at 0 0 270) (size 1.7 1.7) (drill 1) (layers *.Cu *.Mask)
      (net 1 GND))
    (pad 2 thru_hole oval (at 0 2.54 270) (size 1.7 1.7) (drill 1) (layers *.Cu *.Mask)
      (net 2 VDD))
    (pad 3 thru_hole oval (at 0 5.08 270) (size 1.7 1.7) (drill 1) (layers *.Cu *.Mask)
      (net 32 GPIO_26))
    (pad 4 thru_hole oval (at 0 7.62 270) (size 1.7 1.7) (drill 1) (layers *.Cu *.Mask)
      (net 33 GPIO_25))
    (pad 5 thru_hole oval (at 0 10.16 270) (size 1.7 1.7) (drill 1) (layers *.Cu *.Mask)
      (net 34 GPIO_24))
    (pad 6 thru_hole oval (at 0 12.7 270) (size 1.7 1.7) (drill 1) (layers *.Cu *.Mask)
      (net 35 GPIO_23))
    (pad 7 thru_hole oval (at 0 15.24 270) (size 1.7 1.7) (drill 1) (layers *.Cu *.Mask)
      (net 36 GPIO_22))
    (pad 8 thru_hole oval (at 0 17.78 270) (size 1.7 1.7) (drill 1) (layers *.Cu *.Mask)
      (net 29 GPIO_21))
    (pad 9 thru_hole oval (at 0 20.32 270) (size 1.7 1.7) (drill 1) (layers *.Cu *.Mask)
      (net 28 GPIO_20))
    (pad 10 thru_hole oval (at 0 22.86 270) (size 1.7 1.7) (drill 1) (layers *.Cu *.Mask)
      (net 27 GPIO_19))
    (pad 11 thru_hole oval (at 0 25.4 270) (size 1.7 1.7) (drill 1) (layers *.Cu *.Mask)
      (net 26 GPIO_18))
    (pad 12 thru_hole oval (at 0 27.94 270) (size 1.7 1.7) (drill 1) (layers *.Cu *.Mask)
      (net 22 GPIO_17))
    (pad 13 thru_hole oval (at 0 30.48 270) (size 1.7 1.7) (drill 1) (layers *.Cu *.Mask)
      (net 20 GPIO_16))
    (pad 14 thru_hole oval (at 0 33.02 270) (size 1.7 1.7) (drill 1) (layers *.Cu *.Mask)
      (net 18 GPIO_15))
    (pad 15 thru_hole oval (at 0 35.56 270) (size 1.7 1.7) (drill 1) (layers *.Cu *.Mask)
      (net 17 GPIO_14))
    (pad 16 thru_hole oval (at 0 38.1 270) (size 1.7 1.7) (drill 1) (layers *.Cu *.Mask))
    (pad 17 thru_hole oval (at 0 40.64 270) (size 1.7 1.7) (drill 1) (layers *.Cu *.Mask))
    (pad 18 thru_hole oval (at 0 43.18 270) (size 1.7 1.7) (drill 1) (layers *.Cu *.Mask))
    (pad 19 thru_hole oval (at 0 45.72 270) (size 1.7 1.7) (drill 1) (layers *.Cu *.Mask))
    (pad 20 thru_hole oval (at 0 48.26 270) (size 1.7 1.7) (drill 1) (layers *.Cu *.Mask))
    (model ${KISYS3DMOD}/Connector_PinHeader_2.54mm.3dshapes/PinHeader_1x20_P2.54mm_Vertical.wrl
      (at (xyz 0 0 0))
      (scale (xyz 1 1 1))
      (rotate (xyz 0 0 0))
    )
  )

  (module MountingHole:MountingHole_4mm (layer F.Cu) (tedit 56D1B4CB) (tstamp 606D361D)
    (at 168.656 75.2856)
    (descr "Mounting Hole 4mm, no annular")
    (tags "mounting hole 4mm no annular")
    (path /5F38B85A)
    (attr virtual)
    (fp_text reference H1 (at 0 4.9784) (layer F.SilkS)
      (effects (font (size 1 1) (thickness 0.15)))
    )
    (fp_text value MountingHole (at 0 5) (layer F.Fab)
      (effects (font (size 1 1) (thickness 0.15)))
    )
    (fp_circle (center 0 0) (end 4 0) (layer Cmts.User) (width 0.15))
    (fp_circle (center 0 0) (end 4.25 0) (layer F.CrtYd) (width 0.05))
    (fp_text user %R (at 0.3 0) (layer F.Fab)
      (effects (font (size 1 1) (thickness 0.15)))
    )
    (pad 1 np_thru_hole circle (at 0 0) (size 4 4) (drill 4) (layers *.Cu *.Mask))
  )

  (module Connector_PinHeader_2.54mm:PinHeader_1x02_P2.54mm_Vertical (layer F.Cu) (tedit 59FED5CC) (tstamp 606EDCA0)
    (at 155.448 78.74)
    (descr "Through hole straight pin header, 1x02, 2.54mm pitch, single row")
    (tags "Through hole pin header THT 1x02 2.54mm single row")
    (path /5E5FF204)
    (fp_text reference J7 (at -2.54 -2.032) (layer F.SilkS)
      (effects (font (size 1 1) (thickness 0.15)))
    )
    (fp_text value Conn_01x02 (at 0 4.87) (layer F.Fab)
      (effects (font (size 1 1) (thickness 0.15)))
    )
    (fp_line (start -0.635 -1.27) (end 1.27 -1.27) (layer F.Fab) (width 0.1))
    (fp_line (start 1.27 -1.27) (end 1.27 3.81) (layer F.Fab) (width 0.1))
    (fp_line (start 1.27 3.81) (end -1.27 3.81) (layer F.Fab) (width 0.1))
    (fp_line (start -1.27 3.81) (end -1.27 -0.635) (layer F.Fab) (width 0.1))
    (fp_line (start -1.27 -0.635) (end -0.635 -1.27) (layer F.Fab) (width 0.1))
    (fp_line (start -1.33 3.87) (end 1.33 3.87) (layer F.SilkS) (width 0.12))
    (fp_line (start -1.33 1.27) (end -1.33 3.87) (layer F.SilkS) (width 0.12))
    (fp_line (start 1.33 1.27) (end 1.33 3.87) (layer F.SilkS) (width 0.12))
    (fp_line (start -1.33 1.27) (end 1.33 1.27) (layer F.SilkS) (width 0.12))
    (fp_line (start -1.33 0) (end -1.33 -1.33) (layer F.SilkS) (width 0.12))
    (fp_line (start -1.33 -1.33) (end 0 -1.33) (layer F.SilkS) (width 0.12))
    (fp_line (start -1.8 -1.8) (end -1.8 4.35) (layer F.CrtYd) (width 0.05))
    (fp_line (start -1.8 4.35) (end 1.8 4.35) (layer F.CrtYd) (width 0.05))
    (fp_line (start 1.8 4.35) (end 1.8 -1.8) (layer F.CrtYd) (width 0.05))
    (fp_line (start 1.8 -1.8) (end -1.8 -1.8) (layer F.CrtYd) (width 0.05))
    (fp_text user %R (at 0 1.27 -270) (layer F.Fab)
      (effects (font (size 1 1) (thickness 0.15)))
    )
    (pad 1 thru_hole rect (at 0 0) (size 1.7 1.7) (drill 1) (layers *.Cu *.Mask)
      (net 4 reset))
    (pad 2 thru_hole oval (at 0 2.54) (size 1.7 1.7) (drill 1) (layers *.Cu *.Mask)
      (net 7 tool0))
    (model ${KISYS3DMOD}/Connector_PinHeader_2.54mm.3dshapes/PinHeader_1x02_P2.54mm_Vertical.wrl
      (at (xyz 0 0 0))
      (scale (xyz 1 1 1))
      (rotate (xyz 0 0 0))
    )
  )

  (module Connector_PinHeader_2.54mm:PinHeader_1x02_P2.54mm_Vertical (layer F.Cu) (tedit 5EB141F5) (tstamp 5E7E253E)
    (at 127 90.932 180)
    (descr "Through hole straight pin header, 1x02, 2.54mm pitch, single row")
    (tags "Through hole pin header THT 1x02 2.54mm single row")
    (path /5E601536)
    (fp_text reference J10 (at 0 5.588) (layer F.SilkS)
      (effects (font (size 1 1) (thickness 0.15)))
    )
    (fp_text value Conn_01x02 (at 0 4.87) (layer F.Fab)
      (effects (font (size 1 1) (thickness 0.15)))
    )
    (fp_line (start 1.8 -1.8) (end -1.8 -1.8) (layer F.CrtYd) (width 0.05))
    (fp_line (start 1.8 4.35) (end 1.8 -1.8) (layer F.CrtYd) (width 0.05))
    (fp_line (start -1.8 4.35) (end 1.8 4.35) (layer F.CrtYd) (width 0.05))
    (fp_line (start -1.8 -1.8) (end -1.8 4.35) (layer F.CrtYd) (width 0.05))
    (fp_line (start -1.33 -1.33) (end 0 -1.33) (layer F.SilkS) (width 0.12))
    (fp_line (start -1.33 0) (end -1.33 -1.33) (layer F.SilkS) (width 0.12))
    (fp_line (start -1.33 1.27) (end 1.33 1.27) (layer F.SilkS) (width 0.12))
    (fp_line (start 1.33 1.27) (end 1.33 3.87) (layer F.SilkS) (width 0.12))
    (fp_line (start -1.33 1.27) (end -1.33 3.87) (layer F.SilkS) (width 0.12))
    (fp_line (start -1.33 3.87) (end 1.33 3.87) (layer F.SilkS) (width 0.12))
    (fp_line (start -1.27 -0.635) (end -0.635 -1.27) (layer F.Fab) (width 0.1))
    (fp_line (start -1.27 3.81) (end -1.27 -0.635) (layer F.Fab) (width 0.1))
    (fp_line (start 1.27 3.81) (end -1.27 3.81) (layer F.Fab) (width 0.1))
    (fp_line (start 1.27 -1.27) (end 1.27 3.81) (layer F.Fab) (width 0.1))
    (fp_line (start -0.635 -1.27) (end 1.27 -1.27) (layer F.Fab) (width 0.1))
    (fp_text user %R (at 0 1.27 90) (layer F.Fab)
      (effects (font (size 1 1) (thickness 0.15)))
    )
    (pad 2 thru_hole oval (at 0 2.54 180) (size 1.7 1.7) (drill 1) (layers *.Cu *.Mask)
      (net 8 TX_DBG))
    (pad 1 thru_hole rect (at 0 0 180) (size 1.7 1.7) (drill 1) (layers *.Cu *.Mask)
      (net 9 RX_DBG))
    (model ${KISYS3DMOD}/Connector_PinHeader_2.54mm.3dshapes/PinHeader_1x02_P2.54mm_Vertical.wrl
      (at (xyz 0 0 0))
      (scale (xyz 1 1 1))
      (rotate (xyz 0 0 0))
    )
  )

  (module MountingHole:MountingHole_4mm (layer F.Cu) (tedit 56D1B4CB) (tstamp 607056DF)
    (at 123.952 75.2856)
    (descr "Mounting Hole 4mm, no annular")
    (tags "mounting hole 4mm no annular")
    (path /5F38AD4D)
    (attr virtual)
    (fp_text reference H2 (at -0.254 5.4864) (layer F.SilkS)
      (effects (font (size 1 1) (thickness 0.15)))
    )
    (fp_text value MountingHole (at 0 5) (layer F.Fab)
      (effects (font (size 1 1) (thickness 0.15)))
    )
    (fp_circle (center 0 0) (end 4.25 0) (layer F.CrtYd) (width 0.05))
    (fp_circle (center 0 0) (end 4 0) (layer Cmts.User) (width 0.15))
    (fp_text user %R (at 0.3 0) (layer F.Fab)
      (effects (font (size 1 1) (thickness 0.15)))
    )
    (pad 1 np_thru_hole circle (at 0 0) (size 4 4) (drill 4) (layers *.Cu *.Mask))
  )

  (module Capacitor_SMD:C_1206_3216Metric_Pad1.33x1.80mm_HandSolder (layer F.Cu) (tedit 5F68FEEF) (tstamp 606BCCC4)
    (at 163.576 87.884 90)
    (descr "Capacitor SMD 1206 (3216 Metric), square (rectangular) end terminal, IPC_7351 nominal with elongated pad for handsoldering. (Body size source: IPC-SM-782 page 76, https://www.pcb-3d.com/wordpress/wp-content/uploads/ipc-sm-782a_amendment_1_and_2.pdf), generated with kicad-footprint-generator")
    (tags "capacitor handsolder")
    (path /607342F7)
    (attr smd)
    (fp_text reference C1 (at 0 2.54 90) (layer F.SilkS)
      (effects (font (size 1 1) (thickness 0.15)))
    )
    (fp_text value 0.1uF (at 0 1.85 90) (layer F.Fab)
      (effects (font (size 1 1) (thickness 0.15)))
    )
    (fp_line (start -1.6 0.8) (end -1.6 -0.8) (layer F.Fab) (width 0.1))
    (fp_line (start -1.6 -0.8) (end 1.6 -0.8) (layer F.Fab) (width 0.1))
    (fp_line (start 1.6 -0.8) (end 1.6 0.8) (layer F.Fab) (width 0.1))
    (fp_line (start 1.6 0.8) (end -1.6 0.8) (layer F.Fab) (width 0.1))
    (fp_line (start -0.711252 -0.91) (end 0.711252 -0.91) (layer F.SilkS) (width 0.12))
    (fp_line (start -0.711252 0.91) (end 0.711252 0.91) (layer F.SilkS) (width 0.12))
    (fp_line (start -2.48 1.15) (end -2.48 -1.15) (layer F.CrtYd) (width 0.05))
    (fp_line (start -2.48 -1.15) (end 2.48 -1.15) (layer F.CrtYd) (width 0.05))
    (fp_line (start 2.48 -1.15) (end 2.48 1.15) (layer F.CrtYd) (width 0.05))
    (fp_line (start 2.48 1.15) (end -2.48 1.15) (layer F.CrtYd) (width 0.05))
    (fp_text user %R (at 0 0 90) (layer F.Fab)
      (effects (font (size 0.8 0.8) (thickness 0.12)))
    )
    (pad 1 smd roundrect (at -1.5625 0 90) (size 1.325 1.8) (layers F.Cu F.Paste F.Mask) (roundrect_rratio 0.188679)
      (net 1 GND))
    (pad 2 smd roundrect (at 1.5625 0 90) (size 1.325 1.8) (layers F.Cu F.Paste F.Mask) (roundrect_rratio 0.188679)
      (net 2 VDD))
    (model ${KISYS3DMOD}/Capacitor_SMD.3dshapes/C_1206_3216Metric.wrl
      (at (xyz 0 0 0))
      (scale (xyz 1 1 1))
      (rotate (xyz 0 0 0))
    )
  )

  (module Capacitor_SMD:C_1206_3216Metric_Pad1.33x1.80mm_HandSolder (layer F.Cu) (tedit 5F68FEEF) (tstamp 606BCCC5)
    (at 160.782 87.8455 90)
    (descr "Capacitor SMD 1206 (3216 Metric), square (rectangular) end terminal, IPC_7351 nominal with elongated pad for handsoldering. (Body size source: IPC-SM-782 page 76, https://www.pcb-3d.com/wordpress/wp-content/uploads/ipc-sm-782a_amendment_1_and_2.pdf), generated with kicad-footprint-generator")
    (tags "capacitor handsolder")
    (path /5CFCDA6E)
    (attr smd)
    (fp_text reference C2 (at 3.8477 -0.254 90) (layer F.SilkS)
      (effects (font (size 1 1) (thickness 0.15)))
    )
    (fp_text value 0.1uF (at 0 1.85 90) (layer F.Fab)
      (effects (font (size 1 1) (thickness 0.15)))
    )
    (fp_line (start -1.6 0.8) (end -1.6 -0.8) (layer F.Fab) (width 0.1))
    (fp_line (start -1.6 -0.8) (end 1.6 -0.8) (layer F.Fab) (width 0.1))
    (fp_line (start 1.6 -0.8) (end 1.6 0.8) (layer F.Fab) (width 0.1))
    (fp_line (start 1.6 0.8) (end -1.6 0.8) (layer F.Fab) (width 0.1))
    (fp_line (start -0.711252 -0.91) (end 0.711252 -0.91) (layer F.SilkS) (width 0.12))
    (fp_line (start -0.711252 0.91) (end 0.711252 0.91) (layer F.SilkS) (width 0.12))
    (fp_line (start -2.48 1.15) (end -2.48 -1.15) (layer F.CrtYd) (width 0.05))
    (fp_line (start -2.48 -1.15) (end 2.48 -1.15) (layer F.CrtYd) (width 0.05))
    (fp_line (start 2.48 -1.15) (end 2.48 1.15) (layer F.CrtYd) (width 0.05))
    (fp_line (start 2.48 1.15) (end -2.48 1.15) (layer F.CrtYd) (width 0.05))
    (fp_text user %R (at 0 0 90) (layer F.Fab)
      (effects (font (size 0.8 0.8) (thickness 0.12)))
    )
    (pad 1 smd roundrect (at -1.5625 0 90) (size 1.325 1.8) (layers F.Cu F.Paste F.Mask) (roundrect_rratio 0.188679)
      (net 1 GND))
    (pad 2 smd roundrect (at 1.5625 0 90) (size 1.325 1.8) (layers F.Cu F.Paste F.Mask) (roundrect_rratio 0.188679)
      (net 2 VDD))
    (model ${KISYS3DMOD}/Capacitor_SMD.3dshapes/C_1206_3216Metric.wrl
      (at (xyz 0 0 0))
      (scale (xyz 1 1 1))
      (rotate (xyz 0 0 0))
    )
  )

  (module Capacitor_SMD:C_1206_3216Metric_Pad1.33x1.80mm_HandSolder (layer F.Cu) (tedit 5F68FEEF) (tstamp 606C3029)
    (at 155.194 94.5265 270)
    (descr "Capacitor SMD 1206 (3216 Metric), square (rectangular) end terminal, IPC_7351 nominal with elongated pad for handsoldering. (Body size source: IPC-SM-782 page 76, https://www.pcb-3d.com/wordpress/wp-content/uploads/ipc-sm-782a_amendment_1_and_2.pdf), generated with kicad-footprint-generator")
    (tags "capacitor handsolder")
    (path /5CFD9456)
    (attr smd)
    (fp_text reference C3 (at 4.0255 -0.254 90) (layer F.SilkS)
      (effects (font (size 1 1) (thickness 0.15)))
    )
    (fp_text value 1uF (at 0 1.85 90) (layer F.Fab)
      (effects (font (size 1 1) (thickness 0.15)))
    )
    (fp_line (start 2.48 1.15) (end -2.48 1.15) (layer F.CrtYd) (width 0.05))
    (fp_line (start 2.48 -1.15) (end 2.48 1.15) (layer F.CrtYd) (width 0.05))
    (fp_line (start -2.48 -1.15) (end 2.48 -1.15) (layer F.CrtYd) (width 0.05))
    (fp_line (start -2.48 1.15) (end -2.48 -1.15) (layer F.CrtYd) (width 0.05))
    (fp_line (start -0.711252 0.91) (end 0.711252 0.91) (layer F.SilkS) (width 0.12))
    (fp_line (start -0.711252 -0.91) (end 0.711252 -0.91) (layer F.SilkS) (width 0.12))
    (fp_line (start 1.6 0.8) (end -1.6 0.8) (layer F.Fab) (width 0.1))
    (fp_line (start 1.6 -0.8) (end 1.6 0.8) (layer F.Fab) (width 0.1))
    (fp_line (start -1.6 -0.8) (end 1.6 -0.8) (layer F.Fab) (width 0.1))
    (fp_line (start -1.6 0.8) (end -1.6 -0.8) (layer F.Fab) (width 0.1))
    (fp_text user %R (at 0 0 90) (layer F.Fab)
      (effects (font (size 0.8 0.8) (thickness 0.12)))
    )
    (pad 2 smd roundrect (at 1.5625 0 270) (size 1.325 1.8) (layers F.Cu F.Paste F.Mask) (roundrect_rratio 0.188679)
      (net 3 REGC))
    (pad 1 smd roundrect (at -1.5625 0 270) (size 1.325 1.8) (layers F.Cu F.Paste F.Mask) (roundrect_rratio 0.188679)
      (net 1 GND))
    (model ${KISYS3DMOD}/Capacitor_SMD.3dshapes/C_1206_3216Metric.wrl
      (at (xyz 0 0 0))
      (scale (xyz 1 1 1))
      (rotate (xyz 0 0 0))
    )
  )

  (module Capacitor_SMD:C_1206_3216Metric_Pad1.33x1.80mm_HandSolder (layer F.Cu) (tedit 5F68FEEF) (tstamp 606BCCE5)
    (at 157.988 94.5265 270)
    (descr "Capacitor SMD 1206 (3216 Metric), square (rectangular) end terminal, IPC_7351 nominal with elongated pad for handsoldering. (Body size source: IPC-SM-782 page 76, https://www.pcb-3d.com/wordpress/wp-content/uploads/ipc-sm-782a_amendment_1_and_2.pdf), generated with kicad-footprint-generator")
    (tags "capacitor handsolder")
    (path /5CFD8223)
    (attr smd)
    (fp_text reference C4 (at 4.0255 0 90) (layer F.SilkS)
      (effects (font (size 1 1) (thickness 0.15)))
    )
    (fp_text value 1uF (at 0 1.85 90) (layer F.Fab)
      (effects (font (size 1 1) (thickness 0.15)))
    )
    (fp_line (start -1.6 0.8) (end -1.6 -0.8) (layer F.Fab) (width 0.1))
    (fp_line (start -1.6 -0.8) (end 1.6 -0.8) (layer F.Fab) (width 0.1))
    (fp_line (start 1.6 -0.8) (end 1.6 0.8) (layer F.Fab) (width 0.1))
    (fp_line (start 1.6 0.8) (end -1.6 0.8) (layer F.Fab) (width 0.1))
    (fp_line (start -0.711252 -0.91) (end 0.711252 -0.91) (layer F.SilkS) (width 0.12))
    (fp_line (start -0.711252 0.91) (end 0.711252 0.91) (layer F.SilkS) (width 0.12))
    (fp_line (start -2.48 1.15) (end -2.48 -1.15) (layer F.CrtYd) (width 0.05))
    (fp_line (start -2.48 -1.15) (end 2.48 -1.15) (layer F.CrtYd) (width 0.05))
    (fp_line (start 2.48 -1.15) (end 2.48 1.15) (layer F.CrtYd) (width 0.05))
    (fp_line (start 2.48 1.15) (end -2.48 1.15) (layer F.CrtYd) (width 0.05))
    (fp_text user %R (at 0 0 90) (layer F.Fab)
      (effects (font (size 0.8 0.8) (thickness 0.12)))
    )
    (pad 1 smd roundrect (at -1.5625 0 270) (size 1.325 1.8) (layers F.Cu F.Paste F.Mask) (roundrect_rratio 0.188679)
      (net 1 GND))
    (pad 2 smd roundrect (at 1.5625 0 270) (size 1.325 1.8) (layers F.Cu F.Paste F.Mask) (roundrect_rratio 0.188679)
      (net 3 REGC))
    (model ${KISYS3DMOD}/Capacitor_SMD.3dshapes/C_1206_3216Metric.wrl
      (at (xyz 0 0 0))
      (scale (xyz 1 1 1))
      (rotate (xyz 0 0 0))
    )
  )

  (module Capacitor_SMD:C_1206_3216Metric_Pad1.33x1.80mm_HandSolder (layer F.Cu) (tedit 5F68FEEF) (tstamp 606BCCF5)
    (at 152.4 87.8455 90)
    (descr "Capacitor SMD 1206 (3216 Metric), square (rectangular) end terminal, IPC_7351 nominal with elongated pad for handsoldering. (Body size source: IPC-SM-782 page 76, https://www.pcb-3d.com/wordpress/wp-content/uploads/ipc-sm-782a_amendment_1_and_2.pdf), generated with kicad-footprint-generator")
    (tags "capacitor handsolder")
    (path /5CFC7614)
    (attr smd)
    (fp_text reference C5 (at 4.0255 -0.0254 90) (layer F.SilkS)
      (effects (font (size 1 1) (thickness 0.15)))
    )
    (fp_text value 1uF (at 0 1.85 90) (layer F.Fab)
      (effects (font (size 1 1) (thickness 0.15)))
    )
    (fp_line (start 2.48 1.15) (end -2.48 1.15) (layer F.CrtYd) (width 0.05))
    (fp_line (start 2.48 -1.15) (end 2.48 1.15) (layer F.CrtYd) (width 0.05))
    (fp_line (start -2.48 -1.15) (end 2.48 -1.15) (layer F.CrtYd) (width 0.05))
    (fp_line (start -2.48 1.15) (end -2.48 -1.15) (layer F.CrtYd) (width 0.05))
    (fp_line (start -0.711252 0.91) (end 0.711252 0.91) (layer F.SilkS) (width 0.12))
    (fp_line (start -0.711252 -0.91) (end 0.711252 -0.91) (layer F.SilkS) (width 0.12))
    (fp_line (start 1.6 0.8) (end -1.6 0.8) (layer F.Fab) (width 0.1))
    (fp_line (start 1.6 -0.8) (end 1.6 0.8) (layer F.Fab) (width 0.1))
    (fp_line (start -1.6 -0.8) (end 1.6 -0.8) (layer F.Fab) (width 0.1))
    (fp_line (start -1.6 0.8) (end -1.6 -0.8) (layer F.Fab) (width 0.1))
    (fp_text user %R (at 0 0 90) (layer F.Fab)
      (effects (font (size 0.8 0.8) (thickness 0.12)))
    )
    (pad 2 smd roundrect (at 1.5625 0 90) (size 1.325 1.8) (layers F.Cu F.Paste F.Mask) (roundrect_rratio 0.188679)
      (net 2 VDD))
    (pad 1 smd roundrect (at -1.5625 0 90) (size 1.325 1.8) (layers F.Cu F.Paste F.Mask) (roundrect_rratio 0.188679)
      (net 1 GND))
    (model ${KISYS3DMOD}/Capacitor_SMD.3dshapes/C_1206_3216Metric.wrl
      (at (xyz 0 0 0))
      (scale (xyz 1 1 1))
      (rotate (xyz 0 0 0))
    )
  )

  (module Capacitor_SMD:C_1206_3216Metric_Pad1.33x1.80mm_HandSolder (layer F.Cu) (tedit 5F68FEEF) (tstamp 606BCD05)
    (at 160.782 94.5265 270)
    (descr "Capacitor SMD 1206 (3216 Metric), square (rectangular) end terminal, IPC_7351 nominal with elongated pad for handsoldering. (Body size source: IPC-SM-782 page 76, https://www.pcb-3d.com/wordpress/wp-content/uploads/ipc-sm-782a_amendment_1_and_2.pdf), generated with kicad-footprint-generator")
    (tags "capacitor handsolder")
    (path /5CFD7E1E)
    (attr smd)
    (fp_text reference C6 (at 4.0255 -0.254 90) (layer F.SilkS)
      (effects (font (size 1 1) (thickness 0.15)))
    )
    (fp_text value 0.1uF (at 0 1.85 90) (layer F.Fab)
      (effects (font (size 1 1) (thickness 0.15)))
    )
    (fp_line (start 2.48 1.15) (end -2.48 1.15) (layer F.CrtYd) (width 0.05))
    (fp_line (start 2.48 -1.15) (end 2.48 1.15) (layer F.CrtYd) (width 0.05))
    (fp_line (start -2.48 -1.15) (end 2.48 -1.15) (layer F.CrtYd) (width 0.05))
    (fp_line (start -2.48 1.15) (end -2.48 -1.15) (layer F.CrtYd) (width 0.05))
    (fp_line (start -0.711252 0.91) (end 0.711252 0.91) (layer F.SilkS) (width 0.12))
    (fp_line (start -0.711252 -0.91) (end 0.711252 -0.91) (layer F.SilkS) (width 0.12))
    (fp_line (start 1.6 0.8) (end -1.6 0.8) (layer F.Fab) (width 0.1))
    (fp_line (start 1.6 -0.8) (end 1.6 0.8) (layer F.Fab) (width 0.1))
    (fp_line (start -1.6 -0.8) (end 1.6 -0.8) (layer F.Fab) (width 0.1))
    (fp_line (start -1.6 0.8) (end -1.6 -0.8) (layer F.Fab) (width 0.1))
    (fp_text user %R (at 0 0 90) (layer F.Fab)
      (effects (font (size 0.8 0.8) (thickness 0.12)))
    )
    (pad 2 smd roundrect (at 1.5625 0 270) (size 1.325 1.8) (layers F.Cu F.Paste F.Mask) (roundrect_rratio 0.188679)
      (net 3 REGC))
    (pad 1 smd roundrect (at -1.5625 0 270) (size 1.325 1.8) (layers F.Cu F.Paste F.Mask) (roundrect_rratio 0.188679)
      (net 1 GND))
    (model ${KISYS3DMOD}/Capacitor_SMD.3dshapes/C_1206_3216Metric.wrl
      (at (xyz 0 0 0))
      (scale (xyz 1 1 1))
      (rotate (xyz 0 0 0))
    )
  )

  (module Capacitor_SMD:C_1206_3216Metric_Pad1.33x1.80mm_HandSolder (layer F.Cu) (tedit 5F68FEEF) (tstamp 606BCD15)
    (at 155.194 87.8455 90)
    (descr "Capacitor SMD 1206 (3216 Metric), square (rectangular) end terminal, IPC_7351 nominal with elongated pad for handsoldering. (Body size source: IPC-SM-782 page 76, https://www.pcb-3d.com/wordpress/wp-content/uploads/ipc-sm-782a_amendment_1_and_2.pdf), generated with kicad-footprint-generator")
    (tags "capacitor handsolder")
    (path /5CFC6D7A)
    (attr smd)
    (fp_text reference C7 (at 3.6445 -0.0254 90) (layer F.SilkS)
      (effects (font (size 1 1) (thickness 0.15)))
    )
    (fp_text value 0.1uF (at 0 1.85 90) (layer F.Fab)
      (effects (font (size 1 1) (thickness 0.15)))
    )
    (fp_line (start -1.6 0.8) (end -1.6 -0.8) (layer F.Fab) (width 0.1))
    (fp_line (start -1.6 -0.8) (end 1.6 -0.8) (layer F.Fab) (width 0.1))
    (fp_line (start 1.6 -0.8) (end 1.6 0.8) (layer F.Fab) (width 0.1))
    (fp_line (start 1.6 0.8) (end -1.6 0.8) (layer F.Fab) (width 0.1))
    (fp_line (start -0.711252 -0.91) (end 0.711252 -0.91) (layer F.SilkS) (width 0.12))
    (fp_line (start -0.711252 0.91) (end 0.711252 0.91) (layer F.SilkS) (width 0.12))
    (fp_line (start -2.48 1.15) (end -2.48 -1.15) (layer F.CrtYd) (width 0.05))
    (fp_line (start -2.48 -1.15) (end 2.48 -1.15) (layer F.CrtYd) (width 0.05))
    (fp_line (start 2.48 -1.15) (end 2.48 1.15) (layer F.CrtYd) (width 0.05))
    (fp_line (start 2.48 1.15) (end -2.48 1.15) (layer F.CrtYd) (width 0.05))
    (fp_text user %R (at 0 0 90) (layer F.Fab)
      (effects (font (size 0.8 0.8) (thickness 0.12)))
    )
    (pad 1 smd roundrect (at -1.5625 0 90) (size 1.325 1.8) (layers F.Cu F.Paste F.Mask) (roundrect_rratio 0.188679)
      (net 1 GND))
    (pad 2 smd roundrect (at 1.5625 0 90) (size 1.325 1.8) (layers F.Cu F.Paste F.Mask) (roundrect_rratio 0.188679)
      (net 2 VDD))
    (model ${KISYS3DMOD}/Capacitor_SMD.3dshapes/C_1206_3216Metric.wrl
      (at (xyz 0 0 0))
      (scale (xyz 1 1 1))
      (rotate (xyz 0 0 0))
    )
  )

  (module Capacitor_SMD:C_1206_3216Metric_Pad1.33x1.80mm_HandSolder (layer F.Cu) (tedit 5F68FEEF) (tstamp 606BCD25)
    (at 157.988 87.8455 90)
    (descr "Capacitor SMD 1206 (3216 Metric), square (rectangular) end terminal, IPC_7351 nominal with elongated pad for handsoldering. (Body size source: IPC-SM-782 page 76, https://www.pcb-3d.com/wordpress/wp-content/uploads/ipc-sm-782a_amendment_1_and_2.pdf), generated with kicad-footprint-generator")
    (tags "capacitor handsolder")
    (path /5CFC6045)
    (attr smd)
    (fp_text reference C8 (at 3.7969 0.0508 90) (layer F.SilkS)
      (effects (font (size 1 1) (thickness 0.15)))
    )
    (fp_text value 1uF (at 0 1.85 90) (layer F.Fab)
      (effects (font (size 1 1) (thickness 0.15)))
    )
    (fp_line (start 2.48 1.15) (end -2.48 1.15) (layer F.CrtYd) (width 0.05))
    (fp_line (start 2.48 -1.15) (end 2.48 1.15) (layer F.CrtYd) (width 0.05))
    (fp_line (start -2.48 -1.15) (end 2.48 -1.15) (layer F.CrtYd) (width 0.05))
    (fp_line (start -2.48 1.15) (end -2.48 -1.15) (layer F.CrtYd) (width 0.05))
    (fp_line (start -0.711252 0.91) (end 0.711252 0.91) (layer F.SilkS) (width 0.12))
    (fp_line (start -0.711252 -0.91) (end 0.711252 -0.91) (layer F.SilkS) (width 0.12))
    (fp_line (start 1.6 0.8) (end -1.6 0.8) (layer F.Fab) (width 0.1))
    (fp_line (start 1.6 -0.8) (end 1.6 0.8) (layer F.Fab) (width 0.1))
    (fp_line (start -1.6 -0.8) (end 1.6 -0.8) (layer F.Fab) (width 0.1))
    (fp_line (start -1.6 0.8) (end -1.6 -0.8) (layer F.Fab) (width 0.1))
    (fp_text user %R (at 0 0 90) (layer F.Fab)
      (effects (font (size 0.8 0.8) (thickness 0.12)))
    )
    (pad 2 smd roundrect (at 1.5625 0 90) (size 1.325 1.8) (layers F.Cu F.Paste F.Mask) (roundrect_rratio 0.188679)
      (net 2 VDD))
    (pad 1 smd roundrect (at -1.5625 0 90) (size 1.325 1.8) (layers F.Cu F.Paste F.Mask) (roundrect_rratio 0.188679)
      (net 1 GND))
    (model ${KISYS3DMOD}/Capacitor_SMD.3dshapes/C_1206_3216Metric.wrl
      (at (xyz 0 0 0))
      (scale (xyz 1 1 1))
      (rotate (xyz 0 0 0))
    )
  )

  (module Capacitor_SMD:C_1206_3216Metric_Pad1.33x1.80mm_HandSolder (layer F.Cu) (tedit 5F68FEEF) (tstamp 606BCD35)
    (at 160.0585 75.692)
    (descr "Capacitor SMD 1206 (3216 Metric), square (rectangular) end terminal, IPC_7351 nominal with elongated pad for handsoldering. (Body size source: IPC-SM-782 page 76, https://www.pcb-3d.com/wordpress/wp-content/uploads/ipc-sm-782a_amendment_1_and_2.pdf), generated with kicad-footprint-generator")
    (tags "capacitor handsolder")
    (path /5E3A0A75)
    (attr smd)
    (fp_text reference C22 (at -0.0385 -2.032) (layer F.SilkS)
      (effects (font (size 1 1) (thickness 0.15)))
    )
    (fp_text value 0.1uF (at 0 1.85) (layer F.Fab)
      (effects (font (size 1 1) (thickness 0.15)))
    )
    (fp_line (start -1.6 0.8) (end -1.6 -0.8) (layer F.Fab) (width 0.1))
    (fp_line (start -1.6 -0.8) (end 1.6 -0.8) (layer F.Fab) (width 0.1))
    (fp_line (start 1.6 -0.8) (end 1.6 0.8) (layer F.Fab) (width 0.1))
    (fp_line (start 1.6 0.8) (end -1.6 0.8) (layer F.Fab) (width 0.1))
    (fp_line (start -0.711252 -0.91) (end 0.711252 -0.91) (layer F.SilkS) (width 0.12))
    (fp_line (start -0.711252 0.91) (end 0.711252 0.91) (layer F.SilkS) (width 0.12))
    (fp_line (start -2.48 1.15) (end -2.48 -1.15) (layer F.CrtYd) (width 0.05))
    (fp_line (start -2.48 -1.15) (end 2.48 -1.15) (layer F.CrtYd) (width 0.05))
    (fp_line (start 2.48 -1.15) (end 2.48 1.15) (layer F.CrtYd) (width 0.05))
    (fp_line (start 2.48 1.15) (end -2.48 1.15) (layer F.CrtYd) (width 0.05))
    (fp_text user %R (at 0 0) (layer F.Fab)
      (effects (font (size 0.8 0.8) (thickness 0.12)))
    )
    (pad 1 smd roundrect (at -1.5625 0) (size 1.325 1.8) (layers F.Cu F.Paste F.Mask) (roundrect_rratio 0.188679)
      (net 4 reset))
    (pad 2 smd roundrect (at 1.5625 0) (size 1.325 1.8) (layers F.Cu F.Paste F.Mask) (roundrect_rratio 0.188679)
      (net 1 GND))
    (model ${KISYS3DMOD}/Capacitor_SMD.3dshapes/C_1206_3216Metric.wrl
      (at (xyz 0 0 0))
      (scale (xyz 1 1 1))
      (rotate (xyz 0 0 0))
    )
  )

  (module Resistor_SMD:R_1206_3216Metric_Pad1.30x1.75mm_HandSolder (layer F.Cu) (tedit 5F68FEEE) (tstamp 606BCD45)
    (at 159.994 81.788)
    (descr "Resistor SMD 1206 (3216 Metric), square (rectangular) end terminal, IPC_7351 nominal with elongated pad for handsoldering. (Body size source: IPC-SM-782 page 72, https://www.pcb-3d.com/wordpress/wp-content/uploads/ipc-sm-782a_amendment_1_and_2.pdf), generated with kicad-footprint-generator")
    (tags "resistor handsolder")
    (path /5CFDCFF4)
    (attr smd)
    (fp_text reference R1 (at 4.09 0) (layer F.SilkS)
      (effects (font (size 1 1) (thickness 0.15)))
    )
    (fp_text value 4.7K (at 0 1.82) (layer F.Fab)
      (effects (font (size 1 1) (thickness 0.15)))
    )
    (fp_line (start -1.6 0.8) (end -1.6 -0.8) (layer F.Fab) (width 0.1))
    (fp_line (start -1.6 -0.8) (end 1.6 -0.8) (layer F.Fab) (width 0.1))
    (fp_line (start 1.6 -0.8) (end 1.6 0.8) (layer F.Fab) (width 0.1))
    (fp_line (start 1.6 0.8) (end -1.6 0.8) (layer F.Fab) (width 0.1))
    (fp_line (start -0.727064 -0.91) (end 0.727064 -0.91) (layer F.SilkS) (width 0.12))
    (fp_line (start -0.727064 0.91) (end 0.727064 0.91) (layer F.SilkS) (width 0.12))
    (fp_line (start -2.45 1.12) (end -2.45 -1.12) (layer F.CrtYd) (width 0.05))
    (fp_line (start -2.45 -1.12) (end 2.45 -1.12) (layer F.CrtYd) (width 0.05))
    (fp_line (start 2.45 -1.12) (end 2.45 1.12) (layer F.CrtYd) (width 0.05))
    (fp_line (start 2.45 1.12) (end -2.45 1.12) (layer F.CrtYd) (width 0.05))
    (fp_text user %R (at 0 0) (layer F.Fab)
      (effects (font (size 0.8 0.8) (thickness 0.12)))
    )
    (pad 1 smd roundrect (at -1.55 0) (size 1.3 1.75) (layers F.Cu F.Paste F.Mask) (roundrect_rratio 0.192308)
      (net 7 tool0))
    (pad 2 smd roundrect (at 1.55 0) (size 1.3 1.75) (layers F.Cu F.Paste F.Mask) (roundrect_rratio 0.192308)
      (net 2 VDD))
    (model ${KISYS3DMOD}/Resistor_SMD.3dshapes/R_1206_3216Metric.wrl
      (at (xyz 0 0 0))
      (scale (xyz 1 1 1))
      (rotate (xyz 0 0 0))
    )
  )

  (module Resistor_SMD:R_1206_3216Metric_Pad1.30x1.75mm_HandSolder (layer F.Cu) (tedit 5F68FEEE) (tstamp 606BCD55)
    (at 123.444 89.382 90)
    (descr "Resistor SMD 1206 (3216 Metric), square (rectangular) end terminal, IPC_7351 nominal with elongated pad for handsoldering. (Body size source: IPC-SM-782 page 72, https://www.pcb-3d.com/wordpress/wp-content/uploads/ipc-sm-782a_amendment_1_and_2.pdf), generated with kicad-footprint-generator")
    (tags "resistor handsolder")
    (path /5E9658B0)
    (attr smd)
    (fp_text reference R2 (at 4.038 0 180) (layer F.SilkS)
      (effects (font (size 1 1) (thickness 0.15)))
    )
    (fp_text value 10K (at 0 1.82 90) (layer F.Fab)
      (effects (font (size 1 1) (thickness 0.15)))
    )
    (fp_line (start -1.6 0.8) (end -1.6 -0.8) (layer F.Fab) (width 0.1))
    (fp_line (start -1.6 -0.8) (end 1.6 -0.8) (layer F.Fab) (width 0.1))
    (fp_line (start 1.6 -0.8) (end 1.6 0.8) (layer F.Fab) (width 0.1))
    (fp_line (start 1.6 0.8) (end -1.6 0.8) (layer F.Fab) (width 0.1))
    (fp_line (start -0.727064 -0.91) (end 0.727064 -0.91) (layer F.SilkS) (width 0.12))
    (fp_line (start -0.727064 0.91) (end 0.727064 0.91) (layer F.SilkS) (width 0.12))
    (fp_line (start -2.45 1.12) (end -2.45 -1.12) (layer F.CrtYd) (width 0.05))
    (fp_line (start -2.45 -1.12) (end 2.45 -1.12) (layer F.CrtYd) (width 0.05))
    (fp_line (start 2.45 -1.12) (end 2.45 1.12) (layer F.CrtYd) (width 0.05))
    (fp_line (start 2.45 1.12) (end -2.45 1.12) (layer F.CrtYd) (width 0.05))
    (fp_text user %R (at 0 0 90) (layer F.Fab)
      (effects (font (size 0.8 0.8) (thickness 0.12)))
    )
    (pad 1 smd roundrect (at -1.55 0 90) (size 1.3 1.75) (layers F.Cu F.Paste F.Mask) (roundrect_rratio 0.192308)
      (net 9 RX_DBG))
    (pad 2 smd roundrect (at 1.55 0 90) (size 1.3 1.75) (layers F.Cu F.Paste F.Mask) (roundrect_rratio 0.192308)
      (net 2 VDD))
    (model ${KISYS3DMOD}/Resistor_SMD.3dshapes/R_1206_3216Metric.wrl
      (at (xyz 0 0 0))
      (scale (xyz 1 1 1))
      (rotate (xyz 0 0 0))
    )
  )

  (module Resistor_SMD:R_1206_3216Metric_Pad1.30x1.75mm_HandSolder (layer F.Cu) (tedit 5F68FEEE) (tstamp 606DB08F)
    (at 160.02 78.74)
    (descr "Resistor SMD 1206 (3216 Metric), square (rectangular) end terminal, IPC_7351 nominal with elongated pad for handsoldering. (Body size source: IPC-SM-782 page 72, https://www.pcb-3d.com/wordpress/wp-content/uploads/ipc-sm-782a_amendment_1_and_2.pdf), generated with kicad-footprint-generator")
    (tags "resistor handsolder")
    (path /5E30EE44)
    (attr smd)
    (fp_text reference R9 (at 4.064 0) (layer F.SilkS)
      (effects (font (size 1 1) (thickness 0.15)))
    )
    (fp_text value 10K (at 0 1.82) (layer F.Fab)
      (effects (font (size 1 1) (thickness 0.15)))
    )
    (fp_line (start 2.45 1.12) (end -2.45 1.12) (layer F.CrtYd) (width 0.05))
    (fp_line (start 2.45 -1.12) (end 2.45 1.12) (layer F.CrtYd) (width 0.05))
    (fp_line (start -2.45 -1.12) (end 2.45 -1.12) (layer F.CrtYd) (width 0.05))
    (fp_line (start -2.45 1.12) (end -2.45 -1.12) (layer F.CrtYd) (width 0.05))
    (fp_line (start -0.727064 0.91) (end 0.727064 0.91) (layer F.SilkS) (width 0.12))
    (fp_line (start -0.727064 -0.91) (end 0.727064 -0.91) (layer F.SilkS) (width 0.12))
    (fp_line (start 1.6 0.8) (end -1.6 0.8) (layer F.Fab) (width 0.1))
    (fp_line (start 1.6 -0.8) (end 1.6 0.8) (layer F.Fab) (width 0.1))
    (fp_line (start -1.6 -0.8) (end 1.6 -0.8) (layer F.Fab) (width 0.1))
    (fp_line (start -1.6 0.8) (end -1.6 -0.8) (layer F.Fab) (width 0.1))
    (fp_text user %R (at 0 0) (layer F.Fab)
      (effects (font (size 0.8 0.8) (thickness 0.12)))
    )
    (pad 2 smd roundrect (at 1.55 0) (size 1.3 1.75) (layers F.Cu F.Paste F.Mask) (roundrect_rratio 0.192308)
      (net 2 VDD))
    (pad 1 smd roundrect (at -1.55 0) (size 1.3 1.75) (layers F.Cu F.Paste F.Mask) (roundrect_rratio 0.192308)
      (net 4 reset))
    (model ${KISYS3DMOD}/Resistor_SMD.3dshapes/R_1206_3216Metric.wrl
      (at (xyz 0 0 0))
      (scale (xyz 1 1 1))
      (rotate (xyz 0 0 0))
    )
  )

  (module Capacitor_SMD:C_1206_3216Metric_Pad1.33x1.80mm_HandSolder (layer F.Cu) (tedit 5F68FEEF) (tstamp 606C3302)
    (at 165.608 99.0215 270)
    (descr "Capacitor SMD 1206 (3216 Metric), square (rectangular) end terminal, IPC_7351 nominal with elongated pad for handsoldering. (Body size source: IPC-SM-782 page 76, https://www.pcb-3d.com/wordpress/wp-content/uploads/ipc-sm-782a_amendment_1_and_2.pdf), generated with kicad-footprint-generator")
    (tags "capacitor handsolder")
    (path /606DC026)
    (attr smd)
    (fp_text reference C9 (at -0.4695 -2.54 180) (layer F.SilkS)
      (effects (font (size 1 1) (thickness 0.15)))
    )
    (fp_text value 0.1uF (at 0 1.85 90) (layer F.Fab)
      (effects (font (size 1 1) (thickness 0.15)))
    )
    (fp_line (start -1.6 0.8) (end -1.6 -0.8) (layer F.Fab) (width 0.1))
    (fp_line (start -1.6 -0.8) (end 1.6 -0.8) (layer F.Fab) (width 0.1))
    (fp_line (start 1.6 -0.8) (end 1.6 0.8) (layer F.Fab) (width 0.1))
    (fp_line (start 1.6 0.8) (end -1.6 0.8) (layer F.Fab) (width 0.1))
    (fp_line (start -0.711252 -0.91) (end 0.711252 -0.91) (layer F.SilkS) (width 0.12))
    (fp_line (start -0.711252 0.91) (end 0.711252 0.91) (layer F.SilkS) (width 0.12))
